
Entered the first thread with PID: 14129 and TID: 14130 and POSIX thread id: 140496719427328
[THREAD 1]Clock_getttime: s:1551417843 ns:416409272 - 
alphabet is J and count is 26
alphabet is Q and count is 4
alphabet is X and count is 84
alphabet is Z and count is 12
Exitting thread 1 normally

Entered the second thread with PID: 14129 and Linux TID: 14131 and POSIX thread id 140496711034624
[THREAD 2]TimeStamp: s:1551417843 ns:416202626- 


Proc Stat Details
cpu  688462 1117 62399 6166220 3561 0 1515 0 0 0

cpu0 149481 67 17297 1562683 743 0 443 0 0 0

cpu1 163158 192 14802 1553015 808 0 404 0 0 0

cpu2 175779 818 15537 1538138 1297 0 452 0 0 0



Proc Stat Details
cpu  688489 1117 62400 6166228 3561 0 1515 0 0 0

cpu0 149490 67 17297 1562683 743 0 443 0 0 0

cpu1 163163 192 14803 1553018 808 0 404 0 0 0

cpu2 175782 818 15538 1538143 1297 0 452 0 0 0



Proc Stat Details
cpu  688520 1117 62402 6166237 3561 0 1515 0 0 0

cpu0 149500 67 17297 1562684 743 0 443 0 0 0

cpu1 163169 192 14803 1553021 808 0 404 0 0 0

cpu2 175787 818 15538 1538148 1297 0 452 0 0 0



Proc Stat Details
cpu  688549 1117 62402 6166246 3561 0 1515 0 0 0

cpu0 149510 67 17297 1562684 743 0 443 0 0 0

cpu1 163177 192 14803 1553023 808 0 404 0 0 0

cpu2 175789 818 15538 1538156 1297 0 452 0 0 0



Proc Stat Details
cpu  688575 1117 62402 6166258 3561 0 1515 0 0 0

cpu0 149520 67 17297 1562684 743 0 443 0 0 0

cpu1 163181 192 14804 1553028 808 0 404 0 0 0

cpu2 175798 818 15538 1538157 1297 0 452 0 0 0



Proc Stat Details
cpu  688600 1117 62404 6166271 3561 0 1515 0 0 0

cpu0 149530 67 17297 1562684 743 0 443 0 0 0

cpu1 163185 192 14804 1553033 808 0 404 0 0 0

cpu2 175807 818 15539 1538157 1297 0 452 0 0 0



Proc Stat Details
cpu  688625 1117 62404 6166285 3561 0 1515 0 0 0

cpu0 149540 67 17297 1562684 743 0 443 0 0 0

cpu1 163187 192 14805 1553040 808 0 404 0 0 0

cpu2 175810 818 15539 1538164 1297 0 452 0 0 0



Proc Stat Details
cpu  688648 1117 62406 6166299 3561 0 1515 0 0 0

cpu0 149550 67 17297 1562684 743 0 443 0 0 0

cpu1 163190 192 14806 1553046 808 0 404 0 0 0

cpu2 175818 818 15540 1538166 1297 0 452 0 0 0



Proc Stat Details
cpu  688672 1117 62406 6166313 3561 0 1515 0 0 0

cpu0 149560 67 17297 1562684 743 0 443 0 0 0

cpu1 163194 192 14806 1553052 808 0 404 0 0 0

cpu2 175827 818 15540 1538166 1297 0 452 0 0 0



Proc Stat Details
cpu  688697 1117 62407 6166328 3561 0 1515 0 0 0

cpu0 149571 67 17297 1562684 743 0 443 0 0 0

cpu1 163198 192 14806 1553058 808 0 404 0 0 0

cpu2 175837 818 15540 1538166 1297 0 452 0 0 0



Proc Stat Details
cpu  688722 1117 62408 6166342 3561 0 1515 0 0 0

cpu0 149580 67 17297 1562684 743 0 443 0 0 0

cpu1 163201 192 14806 1553064 808 0 404 0 0 0

cpu2 175846 818 15540 1538166 1297 0 452 0 0 0



Proc Stat Details
cpu  688746 1117 62408 6166356 3561 0 1515 0 0 0

cpu0 149590 67 17297 1562684 743 0 443 0 0 0

cpu1 163204 192 14806 1553070 808 0 404 0 0 0

cpu2 175856 818 15540 1538166 1297 0 452 0 0 0



Proc Stat Details
cpu  688772 1117 62409 6166368 3561 0 1515 0 0 0

cpu0 149600 67 17297 1562684 743 0 443 0 0 0

cpu1 163210 192 14806 1553074 808 0 404 0 0 0

cpu2 175866 818 15540 1538167 1297 0 452 0 0 0



Proc Stat Details
cpu  688795 1117 62410 6166382 3561 0 1515 0 0 0

cpu0 149610 67 17297 1562684 743 0 443 0 0 0

cpu1 163212 192 14806 1553081 808 0 404 0 0 0

cpu2 175875 818 15540 1538167 1297 0 452 0 0 0



Proc Stat Details
cpu  688819 1117 62411 6166396 3561 0 1515 0 0 0

cpu0 149620 67 17297 1562684 743 0 443 0 0 0

cpu1 163213 192 14807 1553089 808 0 404 0 0 0

cpu2 175885 818 15540 1538167 1297 0 452 0 0 0



Proc Stat Details
cpu  688836 1117 62412 6166418 3561 0 1515 0 0 0

cpu0 149622 67 17297 1562692 743 0 443 0 0 0

cpu1 163214 192 14808 1553098 808 0 404 0 0 0

cpu2 175894 818 15540 1538167 1297 0 452 0 0 0



Proc Stat Details
cpu  688856 1117 62413 6166437 3561 0 1515 0 0 0

cpu0 149622 67 17298 1562701 743 0 443 0 0 0

cpu1 163216 192 14808 1553106 808 0 404 0 0 0

cpu2 175904 818 15540 1538167 1297 0 452 0 0 0



Proc Stat Details
cpu  688876 1117 62413 6166456 3561 0 1515 0 0 0

cpu0 149624 67 17298 1562709 743 0 443 0 0 0

cpu1 163220 192 14808 1553111 808 0 404 0 0 0

cpu2 175914 818 15540 1538168 1297 0 452 0 0 0



Proc Stat Details
cpu  688892 1117 62414 6166478 3561 0 1516 0 0 0

cpu0 149624 67 17298 1562719 743 0 444 0 0 0

cpu1 163222 192 14808 1553118 808 0 404 0 0 0

cpu2 175923 818 15540 1538168 1297 0 452 0 0 0



Proc Stat Details
cpu  688910 1117 62415 6166500 3561 0 1516 0 0 0

cpu0 149624 67 17298 1562729 743 0 444 0 0 0

cpu1 163224 192 14808 1553126 808 0 404 0 0 0

cpu2 175933 818 15540 1538168 1297 0 452 0 0 0



Proc Stat Details
cpu  688924 1117 62416 6166523 3561 0 1516 0 0 0

cpu0 149624 67 17298 1562739 743 0 444 0 0 0

cpu1 163225 192 14808 1553135 808 0 404 0 0 0

cpu2 175942 818 15540 1538168 1297 0 452 0 0 0



Proc Stat Details
cpu  688939 1117 62417 6166548 3561 0 1516 0 0 0

cpu0 149624 67 17298 1562749 743 0 444 0 0 0

cpu1 163227 192 14808 1553144 808 0 404 0 0 0

cpu2 175952 818 15540 1538169 1297 0 452 0 0 0



Proc Stat Details
cpu  688954 1117 62418 6166570 3561 0 1517 0 0 0

cpu0 149624 67 17298 1562758 743 0 444 0 0 0

cpu1 163228 192 14809 1553152 808 0 404 0 0 0

cpu2 175962 818 15540 1538169 1297 0 452 0 0 0



Proc Stat Details
cpu  688970 1117 62418 6166593 3561 0 1517 0 0 0

cpu0 149624 67 17298 1562768 743 0 444 0 0 0

cpu1 163229 192 14809 1553160 808 0 404 0 0 0

cpu2 175971 818 15540 1538169 1297 0 452 0 0 0



Proc Stat Details
cpu  688986 1117 62419 6166617 3561 0 1517 0 0 0

cpu0 149624 67 17298 1562778 743 0 444 0 0 0

cpu1 163231 192 14809 1553169 808 0 404 0 0 0

cpu2 175981 818 15540 1538169 1297 0 452 0 0 0



Proc Stat Details
cpu  689002 1117 62420 6166638 3561 0 1517 0 0 0

cpu0 149624 67 17298 1562788 743 0 444 0 0 0

cpu1 163232 192 14809 1553177 808 0 404 0 0 0

cpu2 175990 818 15540 1538170 1297 0 452 0 0 0



Proc Stat Details
cpu  689018 1117 62421 6166662 3561 0 1517 0 0 0

cpu0 149624 67 17298 1562798 743 0 444 0 0 0

cpu1 163234 192 14809 1553185 808 0 404 0 0 0

cpu2 176000 818 15540 1538170 1297 0 452 0 0 0



Proc Stat Details
cpu  689036 1117 62421 6166682 3561 0 1517 0 0 0

cpu0 149624 67 17298 1562807 743 0 445 0 0 0

cpu1 163235 192 14809 1553192 808 0 404 0 0 0

cpu2 176010 818 15540 1538170 1297 0 452 0 0 0



Proc Stat Details
cpu  689051 1117 62422 6166705 3561 0 1517 0 0 0

cpu0 149625 67 17299 1562816 743 0 445 0 0 0

cpu1 163236 192 14809 1553201 808 0 404 0 0 0

cpu2 176014 818 15540 1538175 1297 0 452 0 0 0



Proc Stat Details
cpu  689068 1117 62423 6166726 3561 0 1517 0 0 0

cpu0 149626 67 17299 1562825 743 0 445 0 0 0

cpu1 163238 192 14810 1553208 808 0 404 0 0 0

cpu2 176019 818 15541 1538180 1297 0 452 0 0 0



Proc Stat Details
cpu  689082 1117 62425 6166750 3561 0 1517 0 0 0

cpu0 149626 67 17299 1562834 743 0 445 0 0 0

cpu1 163239 192 14810 1553215 808 0 404 0 0 0

cpu2 176022 818 15542 1538186 1297 0 452 0 0 0



Proc Stat Details
cpu  689100 1117 62426 6166770 3561 0 1517 0 0 0

cpu0 149627 67 17299 1562844 743 0 445 0 0 0

cpu1 163242 192 14811 1553223 808 0 404 0 0 0

cpu2 176028 818 15542 1538190 1297 0 452 0 0 0



Proc Stat Details
cpu  689118 1117 62428 6166790 3561 0 1517 0 0 0

cpu0 149628 67 17299 1562853 743 0 445 0 0 0

cpu1 163244 192 14812 1553229 808 0 404 0 0 0

cpu2 176034 818 15542 1538193 1297 0 452 0 0 0



Proc Stat Details
cpu  689133 1117 62428 6166812 3561 0 1517 0 0 0

cpu0 149628 67 17299 1562862 743 0 445 0 0 0

cpu1 163244 192 14812 1553237 808 0 404 0 0 0

cpu2 176038 818 15543 1538199 1297 0 452 0 0 0



Proc Stat Details
cpu  689152 1117 62428 6166831 3561 0 1517 0 0 0

cpu0 149628 67 17299 1562870 743 0 445 0 0 0

cpu1 163246 192 14813 1553245 808 0 404 0 0 0

cpu2 176045 818 15543 1538201 1297 0 452 0 0 0



Proc Stat Details
cpu  689170 1117 62428 6166851 3561 0 1517 0 0 0

cpu0 149629 67 17299 1562879 743 0 445 0 0 0

cpu1 163248 192 14813 1553253 808 0 404 0 0 0

cpu2 176050 818 15543 1538205 1297 0 452 0 0 0



Proc Stat Details
cpu  689190 1117 62430 6166868 3561 0 1517 0 0 0

cpu0 149632 67 17300 1562885 743 0 445 0 0 0

cpu1 163250 192 14813 1553260 808 0 404 0 0 0

cpu2 176056 818 15543 1538208 1297 0 452 0 0 0



Proc Stat Details
cpu  689208 1117 62433 6166885 3561 0 1517 0 0 0

cpu0 149632 67 17300 1562893 743 0 445 0 0 0

cpu1 163258 192 14814 1553260 808 0 404 0 0 0

cpu2 176057 818 15544 1538217 1297 0 452 0 0 0



Proc Stat Details
cpu  689227 1117 62433 6166904 3561 0 1517 0 0 0

cpu0 149641 67 17300 1562893 743 0 445 0 0 0

cpu1 163259 192 14814 1553270 808 0 404 0 0 0

cpu2 176057 818 15544 1538226 1297 0 452 0 0 0



Proc Stat Details
cpu  689244 1117 62434 6166925 3561 0 1517 0 0 0

cpu0 149643 67 17301 1562900 743 0 445 0 0 0

cpu1 163260 192 14814 1553278 808 0 404 0 0 0

cpu2 176061 818 15544 1538231 1297 0 452 0 0 0



Proc Stat Details
cpu  689258 1117 62436 6166949 3561 0 1517 0 0 0

cpu0 149644 67 17302 1562909 743 0 445 0 0 0

cpu1 163260 192 14815 1553288 808 0 404 0 0 0

cpu2 176064 818 15544 1538237 1297 0 452 0 0 0



Proc Stat Details
cpu  689273 1117 62436 6166972 3561 0 1517 0 0 0

cpu0 149644 67 17302 1562918 743 0 445 0 0 0

cpu1 163262 192 14815 1553295 808 0 404 0 0 0

cpu2 176068 818 15544 1538243 1297 0 452 0 0 0



Proc Stat Details
cpu  689287 1117 62437 6166996 3561 0 1517 0 0 0

cpu0 149644 67 17302 1562926 743 0 445 0 0 0

cpu1 163262 192 14816 1553303 808 0 404 0 0 0

cpu2 176071 818 15544 1538250 1297 0 452 0 0 0



Proc Stat Details
cpu  689300 1117 62438 6167019 3561 0 1517 0 0 0

cpu0 149645 67 17303 1562935 743 0 445 0 0 0

cpu1 163263 192 14816 1553311 808 0 404 0 0 0

cpu2 176074 818 15544 1538257 1297 0 452 0 0 0



Proc Stat Details
cpu  689313 1117 62439 6167044 3561 0 1517 0 0 0

cpu0 149645 67 17303 1562944 743 0 445 0 0 0

cpu1 163263 192 14816 1553320 808 0 404 0 0 0

cpu2 176077 818 15544 1538263 1297 0 452 0 0 0



Proc Stat Details
cpu  689328 1117 62439 6167068 3561 0 1517 0 0 0

cpu0 149645 67 17303 1562953 743 0 445 0 0 0

cpu1 163264 192 14817 1553328 808 0 404 0 0 0

cpu2 176080 818 15544 1538270 1297 0 452 0 0 0



Proc Stat Details
cpu  689342 1117 62440 6167092 3561 0 1517 0 0 0

cpu0 149646 67 17303 1562961 743 0 445 0 0 0

cpu1 163265 192 14817 1553337 808 0 404 0 0 0

cpu2 176084 818 15545 1538276 1297 0 452 0 0 0



Proc Stat Details
cpu  689358 1117 62440 6167116 3561 0 1517 0 0 0

cpu0 149646 67 17303 1562970 743 0 445 0 0 0

cpu1 163267 192 14818 1553345 808 0 404 0 0 0

cpu2 176088 818 15545 1538283 1297 0 452 0 0 0



Proc Stat Details
cpu  689370 1117 62441 6167142 3561 0 1517 0 0 0

cpu0 149646 67 17304 1562979 743 0 445 0 0 0

cpu1 163267 192 14818 1553354 808 0 404 0 0 0

cpu2 176090 818 15545 1538291 1297 0 452 0 0 0



Proc Stat Details
cpu  689386 1117 62442 6167166 3561 0 1517 0 0 0

cpu0 149648 67 17304 1562988 743 0 445 0 0 0

cpu1 163270 192 14818 1553362 808 0 404 0 0 0

cpu2 176093 818 15545 1538298 1297 0 452 0 0 0



Proc Stat Details
cpu  689403 1117 62442 6167188 3561 0 1517 0 0 0

cpu0 149649 67 17304 1562996 743 0 445 0 0 0

cpu1 163271 192 14818 1553370 808 0 404 0 0 0

cpu2 176097 818 15545 1538302 1297 0 452 0 0 0



Proc Stat Details
cpu  689418 1117 62443 6167211 3561 0 1517 0 0 0

cpu0 149650 67 17304 1563005 743 0 445 0 0 0

cpu1 163272 192 14818 1553378 808 0 404 0 0 0

cpu2 176100 818 15546 1538309 1297 0 452 0 0 0



Proc Stat Details
cpu  689430 1117 62444 6167235 3561 0 1517 0 0 0

cpu0 149650 67 17305 1563014 743 0 445 0 0 0

cpu1 163272 192 14818 1553387 808 0 404 0 0 0

cpu2 176103 818 15546 1538316 1297 0 452 0 0 0



Proc Stat Details
cpu  689446 1117 62444 6167259 3561 0 1517 0 0 0

cpu0 149657 67 17305 1563016 743 0 445 0 0 0

cpu1 163274 192 14819 1553395 808 0 404 0 0 0

cpu2 176107 818 15546 1538322 1297 0 452 0 0 0



Proc Stat Details
cpu  689458 1117 62445 6167285 3561 0 1517 0 0 0

cpu0 149667 67 17305 1563017 743 0 445 0 0 0

cpu1 163274 192 14819 1553404 808 0 404 0 0 0

cpu2 176108 818 15546 1538330 1297 0 452 0 0 0



Proc Stat Details
cpu  689473 1117 62446 6167309 3561 0 1517 0 0 0

cpu0 149676 67 17305 1563017 743 0 445 0 0 0

cpu1 163276 192 14820 1553412 808 0 404 0 0 0

cpu2 176112 818 15546 1538336 1297 0 452 0 0 0



Proc Stat Details
cpu  689490 1117 62447 6167330 3561 0 1517 0 0 0

cpu0 149677 67 17305 1563026 743 0 445 0 0 0

cpu1 163282 192 14820 1553415 808 0 404 0 0 0

cpu2 176119 818 15547 1538339 1297 0 452 0 0 0



Proc Stat Details
cpu  689508 1117 62449 6167348 3561 0 1517 0 0 0

cpu0 149684 67 17307 1563027 743 0 445 0 0 0

cpu1 163282 192 14820 1553424 808 0 404 0 0 0

cpu2 176128 818 15547 1538339 1297 0 452 0 0 0



Proc Stat Details
cpu  689528 1117 62449 6167367 3561 0 1517 0 0 0

cpu0 149690 67 17307 1563030 743 0 445 0 0 0

cpu1 163286 192 14820 1553430 808 0 404 0 0 0

cpu2 176128 818 15547 1538348 1297 0 452 0 0 0



Proc Stat Details
cpu  689551 1117 62449 6167384 3561 0 1517 0 0 0

cpu0 149694 67 17307 1563037 743 0 445 0 0 0

cpu1 163293 192 14820 1553432 808 0 404 0 0 0

cpu2 176130 818 15547 1538356 1297 0 452 0 0 0



Proc Stat Details
cpu  689572 1117 62450 6167400 3561 0 1517 0 0 0

cpu0 149698 67 17307 1563043 743 0 445 0 0 0

cpu1 163300 192 14820 1553434 808 0 404 0 0 0

cpu2 176134 818 15547 1538362 1297 0 452 0 0 0



Proc Stat Details
cpu  689590 1117 62450 6167421 3561 0 1517 0 0 0

cpu0 149704 67 17307 1563046 743 0 445 0 0 0

cpu1 163306 192 14820 1553438 808 0 404 0 0 0

cpu2 176135 818 15547 1538370 1297 0 452 0 0 0



Proc Stat Details
cpu  689603 1117 62452 6167445 3561 0 1517 0 0 0

cpu0 149713 67 17308 1563046 743 0 445 0 0 0

cpu1 163310 192 14820 1553444 808 0 404 0 0 0

cpu2 176136 818 15548 1538378 1297 0 452 0 0 0



Proc Stat Details
cpu  689622 1117 62454 6167466 3561 0 1518 0 0 0

cpu0 149722 67 17308 1563046 743 0 445 0 0 0

cpu1 163315 192 14820 1553448 808 0 404 0 0 0

cpu2 176138 818 15548 1538386 1297 0 452 0 0 0



Proc Stat Details
cpu  689642 1117 62455 6167484 3561 0 1518 0 0 0

cpu0 149732 67 17308 1563047 743 0 445 0 0 0

cpu1 163323 192 14820 1553450 808 0 404 0 0 0

cpu2 176140 818 15549 1538394 1297 0 452 0 0 0



Proc Stat Details
cpu  689659 1117 62457 6167503 3561 0 1518 0 0 0

cpu0 149734 67 17310 1563053 743 0 445 0 0 0

cpu1 163330 192 14820 1553453 808 0 404 0 0 0

cpu2 176142 818 15549 1538401 1297 0 452 0 0 0



Proc Stat Details
cpu  689678 1117 62458 6167522 3561 0 1519 0 0 0

cpu0 149744 67 17310 1563053 743 0 445 0 0 0

cpu1 163337 192 14821 1553456 808 0 404 0 0 0

cpu2 176144 818 15550 1538409 1297 0 452 0 0 0



Proc Stat Details
cpu  689692 1117 62460 6167547 3561 0 1519 0 0 0

cpu0 149753 67 17310 1563053 743 0 445 0 0 0

cpu1 163337 192 14821 1553465 808 0 404 0 0 0

cpu2 176144 818 15550 1538417 1297 0 452 0 0 0



Proc Stat Details
cpu  689705 1117 62461 6167571 3561 0 1519 0 0 0

cpu0 149763 67 17310 1563053 743 0 445 0 0 0

cpu1 163337 192 14821 1553475 808 0 404 0 0 0

cpu2 176145 818 15551 1538425 1297 0 452 0 0 0



Proc Stat Details
cpu  689720 1117 62461 6167595 3561 0 1519 0 0 0

cpu0 149772 67 17310 1563053 743 0 445 0 0 0

cpu1 163337 192 14821 1553484 808 0 404 0 0 0

cpu2 176146 818 15551 1538433 1297 0 452 0 0 0



Proc Stat Details
cpu  689734 1117 62462 6167619 3561 0 1519 0 0 0

cpu0 149782 67 17310 1563054 743 0 445 0 0 0

cpu1 163337 192 14821 1553493 808 0 404 0 0 0

cpu2 176147 818 15552 1538441 1297 0 452 0 0 0



Proc Stat Details
cpu  689749 1117 62463 6167643 3561 0 1519 0 0 0

cpu0 149792 67 17310 1563054 743 0 445 0 0 0

cpu1 163338 192 14821 1553503 808 0 404 0 0 0

cpu2 176148 818 15552 1538450 1297 0 452 0 0 0



Proc Stat Details
cpu  689765 1117 62464 6167666 3561 0 1519 0 0 0

cpu0 149801 67 17310 1563054 743 0 445 0 0 0

cpu1 163338 192 14821 1553512 808 0 404 0 0 0

cpu2 176150 818 15552 1538457 1297 0 452 0 0 0



Proc Stat Details
cpu  689780 1117 62464 6167690 3561 0 1519 0 0 0

cpu0 149811 67 17310 1563054 743 0 445 0 0 0

cpu1 163338 192 14821 1553522 808 0 404 0 0 0

cpu2 176152 818 15553 1538466 1297 0 452 0 0 0



Proc Stat Details
cpu  689799 1117 62467 6167709 3561 0 1519 0 0 0

cpu0 149820 67 17310 1563055 743 0 445 0 0 0

cpu1 163338 192 14822 1553531 808 0 404 0 0 0

cpu2 176154 818 15554 1538473 1297 0 452 0 0 0



Proc Stat Details
cpu  689813 1117 62468 6167732 3562 0 1519 0 0 0

cpu0 149830 67 17310 1563055 743 0 445 0 0 0

cpu1 163338 192 14823 1553540 808 0 404 0 0 0

cpu2 176155 818 15555 1538480 1297 0 452 0 0 0



Proc Stat Details
cpu  689828 1117 62469 6167756 3562 0 1520 0 0 0

cpu0 149840 67 17310 1563055 743 0 445 0 0 0

cpu1 163338 192 14823 1553550 808 0 405 0 0 0

cpu2 176156 818 15556 1538488 1297 0 452 0 0 0



Proc Stat Details
cpu  689842 1117 62470 6167780 3562 0 1520 0 0 0

cpu0 149849 67 17310 1563055 743 0 445 0 0 0

cpu1 163338 192 14823 1553560 808 0 405 0 0 0

cpu2 176158 818 15556 1538496 1297 0 452 0 0 0



Proc Stat Details
cpu  689858 1117 62471 6167803 3562 0 1520 0 0 0

cpu0 149859 67 17310 1563056 743 0 445 0 0 0

cpu1 163338 192 14823 1553570 808 0 405 0 0 0

cpu2 176160 818 15557 1538503 1297 0 452 0 0 0



Proc Stat Details
cpu  689876 1117 62472 6167824 3562 0 1520 0 0 0

cpu0 149868 67 17310 1563056 743 0 445 0 0 0

cpu1 163338 192 14823 1553579 808 0 406 0 0 0

cpu2 176162 818 15558 1538510 1297 0 452 0 0 0



Proc Stat Details
cpu  689892 1117 62474 6167845 3562 0 1520 0 0 0

cpu0 149878 67 17311 1563056 743 0 445 0 0 0

cpu1 163338 192 14823 1553589 808 0 406 0 0 0

cpu2 176163 818 15559 1538517 1297 0 452 0 0 0



Proc Stat Details
cpu  689906 1117 62475 6167869 3562 0 1520 0 0 0

cpu0 149887 67 17311 1563056 743 0 445 0 0 0

cpu1 163338 192 14823 1553599 808 0 406 0 0 0

cpu2 176164 818 15560 1538525 1297 0 452 0 0 0



Proc Stat Details
cpu  689921 1117 62476 6167893 3562 0 1521 0 0 0

cpu0 149897 67 17311 1563057 743 0 445 0 0 0

cpu1 163338 192 14823 1553609 808 0 406 0 0 0

cpu2 176166 818 15561 1538533 1297 0 452 0 0 0



Proc Stat Details
cpu  689936 1117 62478 6167916 3562 0 1521 0 0 0

cpu0 149906 67 17311 1563058 743 0 445 0 0 0

cpu1 163339 192 14823 1553618 808 0 406 0 0 0

cpu2 176167 818 15562 1538541 1297 0 452 0 0 0



Proc Stat Details
cpu  689952 1117 62478 6167939 3562 0 1521 0 0 0

cpu0 149906 67 17311 1563067 743 0 445 0 0 0

cpu1 163347 192 14823 1553620 808 0 406 0 0 0

cpu2 176169 818 15562 1538549 1297 0 452 0 0 0



Proc Stat Details
cpu  689967 1117 62479 6167963 3562 0 1521 0 0 0

cpu0 149906 67 17311 1563077 743 0 445 0 0 0

cpu1 163357 192 14823 1553620 808 0 406 0 0 0

cpu2 176171 818 15563 1538556 1297 0 452 0 0 0



Proc Stat Details
cpu  689986 1117 62480 6167982 3562 0 1521 0 0 0

cpu0 149912 67 17312 1563081 743 0 445 0 0 0

cpu1 163366 192 14823 1553620 808 0 406 0 0 0

cpu2 176172 818 15563 1538564 1297 0 452 0 0 0



Proc Stat Details
cpu  690003 1117 62481 6168003 3562 0 1521 0 0 0

cpu0 149917 67 17312 1563085 743 0 445 0 0 0

cpu1 163376 192 14823 1553620 808 0 406 0 0 0

cpu2 176174 818 15563 1538571 1297 0 452 0 0 0



Proc Stat Details
cpu  690022 1117 62482 6168021 3562 0 1521 0 0 0

cpu0 149923 67 17313 1563088 743 0 445 0 0 0

cpu1 163381 192 14823 1553624 808 0 406 0 0 0

cpu2 176180 818 15563 1538575 1297 0 452 0 0 0



Proc Stat Details
cpu  690039 1117 62482 6168040 3562 0 1521 0 0 0

cpu0 149929 67 17313 1563091 743 0 445 0 0 0

cpu1 163382 192 14823 1553631 808 0 406 0 0 0

cpu2 176189 818 15563 1538575 1297 0 452 0 0 0



Proc Stat Details
cpu  690054 1117 62484 6168064 3562 0 1521 0 0 0

cpu0 149932 67 17313 1563097 743 0 445 0 0 0

cpu1 163384 192 14824 1553639 808 0 406 0 0 0

cpu2 176199 818 15563 1538576 1297 0 452 0 0 0



Proc Stat Details
cpu  690070 1117 62484 6168089 3562 0 1521 0 0 0

cpu0 149936 67 17313 1563104 743 0 445 0 0 0

cpu1 163386 192 14824 1553647 808 0 406 0 0 0

cpu2 176208 818 15563 1538576 1297 0 452 0 0 0



Proc Stat Details
cpu  690084 1117 62485 6168113 3562 0 1521 0 0 0

cpu0 149938 67 17313 1563111 743 0 445 0 0 0

cpu1 163387 192 14825 1553655 808 0 406 0 0 0

cpu2 176218 818 15563 1538576 1297 0 452 0 0 0



Proc Stat Details
cpu  690099 1117 62486 6168137 3562 0 1521 0 0 0

cpu0 149942 67 17314 1563117 743 0 445 0 0 0

cpu1 163388 192 14826 1553663 808 0 406 0 0 0

cpu2 176228 818 15563 1538576 1297 0 452 0 0 0



Proc Stat Details
cpu  690116 1117 62487 6168159 3562 0 1521 0 0 0

cpu0 149947 67 17314 1563122 743 0 445 0 0 0

cpu1 163390 192 14827 1553671 808 0 406 0 0 0

cpu2 176237 818 15563 1538577 1297 0 452 0 0 0



Proc Stat Details
cpu  690132 1117 62487 6168181 3562 0 1521 0 0 0

cpu0 149952 67 17314 1563127 743 0 445 0 0 0

cpu1 163391 192 14827 1553679 808 0 406 0 0 0

cpu2 176247 818 15563 1538577 1297 0 452 0 0 0



Proc Stat Details
cpu  690148 1117 62488 6168206 3562 0 1521 0 0 0

cpu0 149955 67 17314 1563133 743 0 445 0 0 0

cpu1 163393 192 14827 1553687 808 0 406 0 0 0

cpu2 176256 818 15563 1538577 1297 0 452 0 0 0



Proc Stat Details
cpu  690162 1117 62488 6168229 3562 0 1521 0 0 0

cpu0 149958 67 17314 1563139 743 0 445 0 0 0

cpu1 163394 192 14827 1553696 808 0 406 0 0 0

cpu2 176266 818 15563 1538577 1297 0 452 0 0 0



Proc Stat Details
cpu  690180 1117 62491 6168248 3562 0 1521 0 0 0

cpu0 149965 67 17315 1563142 743 0 445 0 0 0

cpu1 163395 192 14828 1553703 808 0 406 0 0 0

cpu2 176276 818 15563 1538578 1297 0 452 0 0 0



Proc Stat Details
cpu  690194 1117 62492 6168272 3562 0 1521 0 0 0

cpu0 149968 67 17315 1563149 743 0 445 0 0 0

cpu1 163396 192 14829 1553711 808 0 406 0 0 0

cpu2 176285 818 15563 1538578 1297 0 452 0 0 0



Proc Stat Details
cpu  690209 1117 62493 6168296 3562 0 1521 0 0 0

cpu0 149972 67 17316 1563155 743 0 445 0 0 0

cpu1 163397 192 14829 1553719 808 0 406 0 0 0

cpu2 176295 818 15563 1538578 1297 0 452 0 0 0



Proc Stat Details
cpu  690224 1117 62494 6168318 3562 0 1521 0 0 0

cpu0 149976 67 17316 1563159 743 0 445 0 0 0

cpu1 163398 192 14830 1553727 808 0 406 0 0 0

cpu2 176304 818 15563 1538578 1297 0 452 0 0 0



Proc Stat Details
cpu  690240 1117 62495 6168341 3562 0 1521 0 0 0

cpu0 149979 67 17316 1563166 743 0 445 0 0 0

cpu1 163400 192 14831 1553734 808 0 406 0 0 0

cpu2 176314 818 15563 1538579 1297 0 452 0 0 0



Proc Stat Details
cpu  690254 1117 62495 6168364 3562 0 1521 0 0 0

cpu0 149982 67 17316 1563172 743 0 445 0 0 0

cpu1 163402 192 14831 1553743 808 0 406 0 0 0

cpu2 176324 818 15563 1538579 1297 0 452 0 0 0



Proc Stat Details
cpu  690275 1117 62496 6168383 3562 0 1521 0 0 0

cpu0 149992 67 17316 1563172 743 0 445 0 0 0

cpu1 163403 192 14831 1553752 808 0 406 0 0 0

cpu2 176324 818 15563 1538588 1297 0 452 0 0 0



Proc Stat Details
cpu  690291 1117 62496 6168407 3562 0 1521 0 0 0

cpu0 150001 67 17316 1563173 743 0 445 0 0 0

cpu1 163404 192 14831 1553761 808 0 406 0 0 0

cpu2 176325 818 15564 1538597 1297 0 452 0 0 0



Proc Stat Details
cpu  690307 1117 62498 6168430 3562 0 1521 0 0 0

cpu0 150011 67 17316 1563173 743 0 445 0 0 0

cpu1 163405 192 14831 1553769 808 0 406 0 0 0

cpu2 176326 818 15564 1538605 1297 0 452 0 0 0



Proc Stat Details
cpu  690323 1117 62500 6168451 3562 0 1522 0 0 0

cpu0 150012 67 17317 1563180 743 0 445 0 0 0

cpu1 163406 192 14832 1553778 808 0 406 0 0 0

cpu2 176333 818 15564 1538608 1297 0 453 0 0 0



Proc Stat Details
cpu  690340 1117 62500 6168471 3562 0 1522 0 0 0

cpu0 150019 67 17317 1563183 743 0 445 0 0 0

cpu1 163406 192 14832 1553787 808 0 406 0 0 0

cpu2 176342 818 15564 1538608 1297 0 453 0 0 0



Proc Stat Details
cpu  690354 1117 62501 6168495 3562 0 1522 0 0 0

cpu0 150022 67 17318 1563188 743 0 446 0 0 0

cpu1 163406 192 14832 1553796 808 0 406 0 0 0

cpu2 176352 818 15564 1538608 1297 0 453 0 0 0



Proc Stat Details
cpu  690369 1117 62501 6168519 3562 0 1523 0 0 0

cpu0 150027 67 17318 1563193 743 0 446 0 0 0

cpu1 163407 192 14832 1553806 808 0 407 0 0 0

cpu2 176362 818 15564 1538609 1297 0 453 0 0 0



Proc Stat Details
cpu  690386 1117 62501 6168541 3562 0 1523 0 0 0

cpu0 150033 67 17318 1563196 743 0 446 0 0 0

cpu1 163408 192 14832 1553815 808 0 407 0 0 0

cpu2 176371 818 15564 1538609 1297 0 453 0 0 0



Proc Stat Details
cpu  690402 1117 62502 6168565 3562 0 1523 0 0 0

cpu0 150037 67 17318 1563202 743 0 446 0 0 0

cpu1 163408 192 14833 1553824 808 0 407 0 0 0

cpu2 176381 818 15564 1538609 1297 0 453 0 0 0



Proc Stat Details
cpu  690417 1117 62502 6168588 3562 0 1523 0 0 0

cpu0 150042 67 17318 1563207 743 0 446 0 0 0

cpu1 163409 192 14833 1553833 808 0 407 0 0 0

cpu2 176390 818 15564 1538609 1297 0 453 0 0 0



Proc Stat Details
cpu  690435 1117 62503 6168609 3562 0 1524 0 0 0

cpu0 150048 67 17318 1563209 743 0 446 0 0 0

cpu1 163410 192 14833 1553842 808 0 408 0 0 0

cpu2 176400 818 15564 1538610 1297 0 453 0 0 0



Proc Stat Details
cpu  690451 1117 62504 6168632 3562 0 1524 0 0 0

cpu0 150053 67 17318 1563214 743 0 446 0 0 0

cpu1 163411 192 14833 1553851 808 0 408 0 0 0


Main thread created with PID: 14129 and TID: 14129 and POSIX thread id : 140496730056512
[MAIN]Timestamp: s:1551417843 ns:416014905 - 
Exited due to USR1 signal
[USR1]Clock_getttime: 1551417855 ns:816773085- 
Exitting main thread
[MAIN EXIT] Timestamp: 1551417855 ns:816774530- 

cpu2 176410 818 15564 1538610 1297 0 453 0 0 0



Proc Stat Details
cpu  690465 1117 62504 6168656 3562 0 1525 0 0 0

cpu0 150057 67 17319 1563219 743 0 446 0 0 0

cpu1 163411 192 14833 1553860 808 0 409 0 0 0

cpu2 176419 818 15564 1538610 1297 0 453 0 0 0



Proc Stat Details
cpu  690483 1117 62505 6168678 3562 0 1525 0 0 0

cpu0 150062 67 17319 1563223 743 0 446 0 0 0

cpu1 163414 192 14833 1553868 808 0 409 0 0 0

cpu2 176429 818 15564 1538610 1297 0 453 0 0 0



Proc Stat Details
cpu  690500 1117 62506 6168701 3562 0 1525 0 0 0

cpu0 150067 67 17319 1563228 743 0 446 0 0 0

cpu1 163416 192 14834 1553876 808 0 409 0 0 0

cpu2 176438 818 15564 1538611 1297 0 453 0 0 0



Proc Stat Details
cpu  690516 1117 62506 6168724 3562 0 1525 0 0 0

cpu0 150071 67 17320 1563234 743 0 446 0 0 0

cpu1 163417 192 14834 1553885 808 0 409 0 0 0

cpu2 176448 818 15564 1538611 1297 0 453 0 0 0



Proc Stat Details
cpu  690530 1117 62507 6168748 3562 0 1525 0 0 0

cpu0 150074 67 17320 1563240 743 0 446 0 0 0

cpu1 163418 192 14834 1553893 808 0 409 0 0 0

cpu2 176458 818 15564 1538611 1297 0 453 0 0 0



Proc Stat Details
cpu  690544 1117 62508 6168773 3562 0 1525 0 0 0

cpu0 150077 67 17320 1563247 743 0 446 0 0 0

cpu1 163419 192 14834 1553902 808 0 409 0 0 0

cpu2 176467 818 15564 1538611 1297 0 453 0 0 0



Proc Stat Details
cpu  690560 1117 62510 6168796 3562 0 1525 0 0 0

cpu0 150080 67 17320 1563253 743 0 446 0 0 0

cpu1 163421 192 14835 1553909 808 0 409 0 0 0

cpu2 176477 818 15564 1538612 1297 0 453 0 0 0

